1;1;0
1;2;0
1;3;0
1;4;0
1;5;4
1;6;3
1;7;3,6
1;8;3,6,7
1;9;3,6,7,8
1;10;2
1;11;2,10
1;12;2,10,11
1;13;4,5,14
1;14;4,5
1;15;4,5,14
1;16;4,5,14,15
1;17;2,10,11,13
1;18;4,5,14,13
1;19;4,5,14,13,18
1;20;2,10,11,13,17
1;21;4,5,14,15,16
1;22;4,5,14,15,16,21
1;23;4,5,14,13,18,19
2;1;0
2;2;0
2;3;1
2;4;0
2;5;4
2;6;1,3
2;7;1,3,6
2;8;1,3,6,7
2;9;1,3,6,7,8
2;10;0
2;11;10
2;12;10,11
2;13;10,11
2;14;4,5
2;15;4,5,14
2;16;4,5,14,15
2;17;10,11,13
2;18;10,11,13
2;19;10,11,13,18
2;20;10,11,13,17
2;21;4,5,14,15,16
2;22;10,11,12,18,19,23
2;23;10,11,12,18,19
3;1;0
3;2;1
3;3;0
3;4;0
3;5;0
3;6;0
3;7;6
3;8;6,7
3;9;6,7,8
3;10;1,2
3;11;1,2,10
3;12;1,2,10,11
3;13;4,5,14
3;14;4,5
3;15;4,5,14
3;16;4,5,14,15
3;17;4,5,14,15
3;18;4,5,14,13
3;19;4,5,14,13,18
3;20;4,5,14,15,17
3;21;4,5,14,15,16
3;22;4,5,14,15,16,21
3;23;4,5,14,13,18,19
4;1;0
4;2;0
4;3;0
4;4;0
4;5;0
4;6;3
4;7;3,6
4;8;3,6,7
4;9;3,6,7,8
4;10;2
4;11;2,10
4;12;2,10,11
4;13;5,14
4;14;5
4;15;5,14
4;16;5,14,16
4;17;5,14,17
4;18;5,14,13
4;19;5,14,13,18
4;20;5,14,15,17
4;21;5,14,15,16
4;22;5,14,15,16,21
4;23;5,14,13,18,19
5;1;4
5;2;4
5;3;0
5;4;0
5;5;0
5;6;4,3
5;7;4,3,6
5;8;14,15,9
5;9;14,15
5;10;4,2
5;11;14,13
5;12;14,13
5;13;14
5;14;0
5;15;14
5;16;14,15
5;17;14,15,17
5;18;14,13
5;19;14,13,18
5;20;14,13,17
5;21;14,15,16
5;22;14,15,16,21
5;23;14,13,18,19
6;1;3
6;2;3,1
6;3;0
6;4;3
6;5;3
6;6;0
6;7;0
6;8;7
6;9;7,8
6;10;3,4,2
6;11;3,4,2,10
6;12;3,5,14,13
6;13;3,5,14
6;14;3,5
6;15;7,8,9
6;16;7,8,9,15
6;17;7,8,9,15
6;18;3,5,14,13
6;19;3,5,14,13,18
6;20;7,8,9,15,17
6;21;7,8,9,15,16
6;22;7,8,9,15,16,21
6;23;3,5,14,13,18,19
7;1;6,3
7;2;6,3,1
7;3;6
7;4;6,3
7;5;6,3
7;6;0
7;7;0
7;8;0
7;9;8
7;10;6,3,1,2
7;11;8,9,15,13
7;12;8,9,15,13
7;13;0
7;14;8,9,15
7;15;8,9
7;16;8,9,15
7;17;8,9,15
7;18;8,9,15,13
7;19;8,9,15,13,18
7;20;8,9,15,17
7;21;8,9,15,16
7;22;8,9,15,16,21
7;23;8,9,15,13,18,19
8;1;7,6,3
8;2;7,6,3,4
8;3;7,6
8;4;7,6,3
8;5;7,6,3
8;6;7
8;7;0
8;8;0
8;9;0
8;10;9,15,13,11
8;11;9,15,13
8;12;9,15,13
8;13;9,15
8;14;9,15
8;15;9
8;16;9,15
8;17;9,15
8;18;9,15,13
8;19;9,15,13,18
8;20;9,15,17
8;21;9,15,16
8;22;9,15,16,22
8;23;9,15,13,18,19
9;1;15,14,5,4
9;2;15,14,5,4
9;3;15,14,5
9;4;15,14,5
9;5;15,14
9;6;8,7
9;7;8
9;8;0
9;9;0
9;10;15,13,11
9;11;15,13
9;12;15,13
9;13;15
9;14;15
9;15;0
9;16;15
9;17;15
9;18;15,13
9;19;15,13,18
9;20;15,17
9;21;15,16
9;22;15,16,21
9;23;15,13,18,19
10;1;2
10;2;0
10;3;2,1
10;4;2
10;5;2,4
10;6;2,1,3
10;7;2,1,3,6
10;8;11,13,15,9
10;9;11,13,15
10;10;0
10;11;0
10;12;11
10;13;11
10;14;11,13
10;15;11,13
10;16;11,13,17
10;17;11,13
10;18;11,13
10;19;11,13,18
10;20;11,13,17
10;21;11,13,17,16
10;22;11,13,17,16,21
10;23;11,13,18,19
11;1;10,2
11;2;10
11;3;13,14,5
11;4;10,2
11;5;13,14
11;6;13,14,5,3
11;7;13,15,9,8
11;8;13,15,9
11;9;13,15
11;10;0
11;11;0
11;12;0
11;13;0
11;14;13
11;15;13
11;16;13,17
11;17;13
11;18;13
11;19;13,18
11;20;13,17
11;21;13,17,16
11;22;13,17,16,21
11;23;13,18,19
12;1;11,10,2
12;2;11,10
12;3;13,14,5
12;4;11,10,2
12;5;13,14
12;6;13,14,5,3
12;7;13,15,9,8
12;8;13,15,9
12;9;13,15
12;10;11
12;11;0
12;12;0
12;13;0
12;14;13
12;15;13
12;16;13,17
12;17;13
12;18;0
12;19;18
12;20;13,17
12;21;13,17,16
12;22;18,19,23
12;23;18,19
13;1;14,5,4
13;2;11,10
13;3;14,5
13;4;14,5
13;5;14
13;6;14,5,3
13;7;15,9,8
13;8;15,9
13;9;15
13;10;11
13;11;0
13;12;0
13;13;0
13;14;0
13;15;0
13;16;17
13;17;0
13;18;0
13;19;18
13;20;17
13;21;17,16
13;22;18,19,23
13;23;18,19
14;1;5,4
14;2;5,4
14;3;5
14;4;5
14;5;0
14;6;5,3
14;7;15,9,8
14;8;15,9
14;9;15
14;10;13,11
14;11;13
14;12;13
14;13;0
14;14;0
14;15;0
14;16;15
14;17;15
14;18;13
14;19;13,18
14;20;15,17
14;21;15,16
14;22;15,16,21
14;23;13,18,19
15;1;14,5,4
15;2;14,5,4
15;3;14,5
15;4;14,5
15;5;0
15;6;9,8,7
15;7;9,8
15;8;9
15;9;0
15;10;13,11
15;11;13
15;12;13
15;13;0
15;14;0
15;15;0
15;16;0
15;17;0
15;18;13
15;19;13,18
15;20;17
15;21;16
15;22;16,21
15;23;13,18,19
16;1;15,14,4
16;2;15,14,4
16;3;15,14,5
16;4;15,14,5
16;5;15,14
16;6;15,9,8,7
16;7;15,9,8
16;8;15,9
16;9;15
16;10;17,13,11
16;11;17,13
16;12;17,13
16;13;17
16;14;15
16;15;0
16;16;0
16;17;0
16;18;17
16;19;17,18
16;20;17
16;21;0
16;22;21
16;23;21,22
17;1;15,14,5,4
17;2;15,14,5,4
17;3;15,14,5
17;4;15,14,5
17;5;15,14
17;6;15,9,8,7
17;7;15,9,8
17;8;15,9
17;9;15
17;10;13,11
17;11;13
17;12;18
17;13;0
17;14;15
17;15;0
17;16;0
17;17;0
17;18;0
17;19;18
17;20;0
17;21;16
17;22;16,21
17;23;18,19
18;1;12,11,10,2
18;2;12,11,10
18;3;13,14,5
18;4;13,14,5
18;5;13,14
18;6;13,14,5,6
18;7;17,15,9,8
18;8;17,15,9
18;9;17,15
18;10;12,11
18;11;12
18;12;0
18;13;0
18;14;13
18;15;13
18;16;17
18;17;0
18;18;0
18;19;0
18;20;17
18;21;17,16
18;22;19,23
18;23;19
19;1;18,12,
19;2;18,12,11,10
19;3;18,13,14,5
19;4;18,13,14,5
19;5;18,13,14
19;6;18,13,14,5,3
19;7;18,17,15,9,8
19;8;18,17,15,9
19;9;18,17,15
19;10;18,12,11
19;11;18,12
19;12;18
19;13;18
19;14;18,13
19;15;18,17,15
19;16;18,17
19;17;18
19;18;0
19;19;0
19;20;18,17
19;21;23,22
19;22;23
19;23;0
20;1;17,13,14,5,4
20;2;17,13,14,5,4
20;3;17,13,14,5
20;4;17,13,14,5
20;5;17,13,14
20;6;17,15,9,8,7
20;7;17,15,9,8
20;8;17,15,9
20;9;17,15
20;10;17,13,11
20;11;17,13
20;12;17,13
20;13;17
20;14;17,13
20;15;17,13
20;16;17
20;17;0
20;18;17
20;19;17,18
20;20;0
20;21;17,16
20;22;17,16,21
20;23;17,18,19
21;1;16,15,14,5,4
21;2;16,15,14,5,4
21;3;16,15,14,5
21;4;16,15,14,5
21;5;16,15,14
21;6;16,15,9,8,7
21;7;16,15,9,8
21;8;16,15,9
21;9;16,15
21;10;16,17,13,11
21;11;16,17,13
21;12;16,17,13
21;13;16,17
21;14;16,15
21;15;16
21;16;0
21;17;16
21;18;16,17
21;19;16,17,18
21;20;16,17
21;21;0
21;22;0
21;23;22
22;1;21,16,15,14,5,4
22;2;21,16,15,14,5,4
22;3;21,16,15,14,5
22;4;21,16,15,14,5
22;5;21,16,15,14
22;6;21,16,15,9,8,7
22;7;21,16,15,9,8
22;8;21,16,15,9
22;9;21,16,15
22;10;21,16,17,13,11
22;11;21,16,17,13
22;12;23,19,18
22;13;21,16,17
22;14;21,16,15
22;15;21,16
22;16;21
22;17;21,16
22;18;23,19
22;19;23
22;20;21,16,17
22;21;0
22;22;0
22;23;0
23;1;19,18,13,14,5,4
23;2;19,18,13,14,5,4
23;3;19,18,13,14,5
23;4;19,18,13,14,5
23;5;19,18,13,14
23;6;19,18,13,14,5,3
23;7;22,21,16,15,9,8
23;8;22,21,16,15,9
23;9;22,21,16,15
23;10;23,19,18,12,11
23;11;19,18,13
23;12;19,18
23;13;19,18
23;14;19,18,13
23;15;22,21,16
23;16;22,21
23;17;19,18
23;18;19
23;19;0
23;20;19,18,17
23;21;22
23;22;0
23;23;0
